Lastname01 Firstname01 104207416 2 87 4 78 2 74 2 81
Lastname02 Firstname02 104207414 2 67 4 99 4 100 3 89
Lastname03 Firstname03 104207413 3 73 3 68 2 97 2 90
Lastname04 Firstname04 104207406 3 71 2 71 2 99 4 62 3 62 3 94
Lastname05 Firstname05 104207439 3 63 4 66 4 79 2 99 2 90 3 94 4 65 3 81
Lastname06 Firstname06 104207421 3 85 3 77 3 64 2 61 4 73
Lastname07 Firstname07 104207424 3 85 2 85 2 83 3 96 2 61 3 66 3 71 4 69
Lastname08 Firstname08 104207438 4 78 3 85 2 70 4 79 4 64 3 67 3 81
Lastname09 Firstname09 104207434 3 82 3 85 2 96 3 84 2 84 3 66 2 94
Lastname10 Firstname10 104207432 4 85 3 64 3 83 3 75
Lastname11 Firstname11 104207401 3 76 2 80 3 71 4 60 2 98 4 63
Lastname12 Firstname12 104207426 4 82 3 70 2 94 4 79 4 85
Lastname13 Firstname13 104207410 2 86 2 89 2 96 3 73 2 61 3 89 2 85 2 66
Lastname14 Firstname14 104207412 3 81 3 71 2 96 4 81
Lastname15 Firstname15 104207425 4 82 3 80 4 91 2 92 4 67 4 86 2 72 3 68
Lastname16 Firstname16 104207436 4 84 4 87 2 99 3 95 3 96 4 72 4 65 4 93
Lastname17 Firstname17 104207430 3 61 4 93 3 88 3 97 3 85 4 78 3 63
Lastname18 Firstname18 104207422 2 60 3 92 4 81 2 99 3 72 2 62 4 75 2 72
Lastname19 Firstname19 104207418 4 96 4 87 4 72 2 87 3 88 4 73 3 90 2 87
Lastname20 Firstname20 104207420 2 76 2 88 2 67 2 71 3 88 2 60
Lastname21 Firstname21 104207429 2 66 3 92 2 83 3 61 4 77 2 78 3 63
Lastname22 Firstname22 104207409 4 76 2 86 3 68 3 68
Lastname23 Firstname23 104207403 2 96 4 65 4 70 4 82 3 98 4 87
Lastname24 Firstname24 104207405 4 63 2 68 2 90 4 78 4 75 2 82 2 90
Lastname25 Firstname25 104207427 2 99 3 72 2 68 3 72 4 66
Lastname26 Firstname26 104207431 2 77 3 89 3 77 3 63
Lastname27 Firstname27 104207433 3 70 3 60 2 74 3 78 3 99 3 82
Lastname28 Firstname28 104207402 3 88 4 76 2 66 3 72 2 99
Lastname29 Firstname29 104207411 3 65 3 95 4 85 2 61 3 82 2 94 2 97 4 60
Lastname30 Firstname30 104207428 4 93 2 70 3 96 2 93 3 75 2 91 4 81 2 80
Lastname31 Firstname31 104207407 3 91 2 99 2 65 2 83 4 61 3 77 3 90
Lastname32 Firstname32 104207435 2 66 4 60 2 96 3 89
Lastname33 Firstname33 104207417 2 65 4 77 2 65 3 68 3 86 2 86
Lastname34 Firstname34 104207437 4 98 4 72 3 60 3 79 3 60 3 98
Lastname35 Firstname35 104207440 3 84 4 86 2 65 4 71 3 63 3 71 4 65
Lastname36 Firstname36 104207415 3 71 3 71 3 81 2 96 2 90 4 69
Lastname37 Firstname37 104207423 4 78 3 81 3 79 3 96 2 97 4 87 2 77
Lastname38 Firstname38 104207408 4 73 3 66 2 76 3 63 3 93 3 68
Lastname39 Firstname39 104207419 2 73 3 62 2 89 4 67 3 78
Lastname40 Firstname40 104207404 2 64 3 63 2 95 3 83

